%YAML:1.0
---
T_CamA_Board: !!opencv-matrix
   rows: 4
   cols: 4
   dt: d
   data: [ 0.99814112489374018, 0.054736325456405152, 0.026799803569972996, -41.5804222067419, 
          -0.022449562932637057, -0.07860015724142938, 0.99665341639195515, -87.010613136697927,
         0.056659614541507183, -0.99540240604348207, -0.077225242782750336, -20.011212339877083, 
         0., 0., 0., 1. ]
