%YAML:1.0
---
reflective_points_3d:
   - [ 0., -120., 0. ]
   - [ 0., -100., 0. ]
   - [ 0., -80., 0. ]
   - [ 0., -20., 50. ]
   - [ -20., 0., 50. ]
   - [ 0., 0., 50. ]
   - [ 20., 0., 50. ]
   - [ 0., 20., 50. ]
   - [ 0., 80., 0. ]
   - [ -30., 100., 0. ]
   - [ -10., 100., 0. ]
   - [ 10., 100., 0. ]
   - [ 30., 100., 0. ]
   - [ 0., 120., 0. ]
marker_radius: 5.
